------------------Chromosome------------------ 
|9|5|8|6|7|12|10|11|4| End Of Individual 

-------------------Solution------------------
|0|9|5|8|6|14|
|1|7|12|14|
|2|10|14|
|3|11|4|14|

-------------------Variables------------------
x[0][9][0] = 1
x[1][7][1] = 1
x[2][10][2] = 1
x[3][11][3] = 1
x[4][14][3] = 1
x[5][8][0] = 1
x[6][14][0] = 1
x[7][12][1] = 1
x[8][6][0] = 1
x[9][5][0] = 1
x[10][14][2] = 1
x[11][4][3] = 1
x[12][14][1] = 1

-------------------cost------------------
-149.55081637946387
 
 
------------------Chromosome------------------ 
|9|10|6|0|0|0|7|8|12| End Of Individual 

-------------------Solution------------------
|0|9|10|6|14|
|1|0|0|13|
|2|0|7|8|13|
|3|12|13|

-------------------Variables------------------
x[0][0][1] = 1
x[0][7][2] = 1
x[0][9][0] = 1
x[0][13][1] = 1
x[1][0][1] = 1
x[2][0][2] = 1
x[3][12][3] = 1
x[6][14][0] = 1
x[7][8][2] = 1
x[8][13][2] = 1
x[9][10][0] = 1
x[10][6][0] = 1
x[12][13][3] = 1

-------------------cost------------------
3.9999965821793646E7
 
 
