------------------Chromosome------------------ 
|9|5|8|7|6|12|10|11|4| End Of Individual 

-------------------Solution------------------
|0|9|5|8|7|6|13|
|1|12|10|13|
|2|11|4|13|
|3|

-------------------Variables------------------
x[0][9][0] = 1
x[1][12][1] = 1
x[2][11][2] = 1
x[4][13][2] = 1
x[5][8][0] = 1
x[6][13][0] = 1
x[7][6][0] = 1
x[8][7][0] = 1
x[9][5][0] = 1
x[10][13][1] = 1
x[11][4][2] = 1
x[12][10][1] = 1

-------------------cost------------------
-241.24901021509106
 
 
------------------Chromosome------------------ 
|9|10|6|5|4|11|7|8|12| End Of Individual 

-------------------Solution------------------
|0|9|10|6|13|
|1|5|14|
|2|4|11|14|
|3|7|8|14|

-------------------Variables------------------
x[0][9][0] = 1
x[1][5][1] = 1
x[2][4][2] = 1
x[3][7][3] = 1
x[4][11][2] = 1
x[5][14][1] = 1
x[6][13][0] = 1
x[7][8][3] = 1
x[8][14][3] = 1
x[9][10][0] = 1
x[10][6][0] = 1
x[11][14][2] = 1

-------------------cost------------------
-149.24653756577663
 
 
